#runNumber,lumi per LS (/fb),nEvent,HOTP,HOTP_SOI,rate_HOTP_SOI [kHz],MB1_LQ,rate_MB1_LQ [kHz],isolatedMB1_LQ,rate_isolatedMB1_LQ [kHz],isolatedMB1_LQ_withHOTP_SOI,rate_isolatedMB1_LQ_withHOTP_SOI [kHz],unisolatedMB1_LQ,rate_unisolatedMB1_LQ [kHz],unisolatedMB1_LQ_withHOTP_SOI,rate_unisolatedMB1_LQ_withHOTP_SOI [kHz],MB1_HQ,rate_MB1_HQ [kHz],isolatedMB1_HQ,rate_isolatedMB1_HQ [kHz],isolatedMB1_HQ_withHOTP_SOI,rate_isolatedMB1_HQ_withHOTP_SOI [kHz],unisolatedMB1_HQ,rate_unisolatedMB1_HQ [kHz],unisolatedMB1_HQ_withHOTP_SOI,rate_unisolatedMB1_HQ_withHOTP_SOI [kHz]
297047,0.000133,94339,169328,42945,18208.800178,9307,1315.398015,845,119.427455,78,11.024073,62,8.762725,13,1.837345,8059,1139.012851,602,85.083228,77,10.882738,67,9.469396,13,1.837345
297048,0.000133,95186,169368,42645,17920.702624,9412,1318.401165,897,125.648730,72,10.085517,77,10.785900,12,1.680919,8115,1136.721787,541,75.781452,39,5.462988,66,9.245057,11,1.540843
297049,0.000133,97896,170911,43421,17741.685054,9471,1289.940345,840,114.407126,66,8.989131,60,8.171938,5,0.680995,8226,1120.372640,574,78.178203,65,8.852932,70,9.533927,9,1.225791
297050,0.000182,72702,124860,31644,17410.250062,6866,1259.204240,561,102.885753,46,8.436265,56,10.270236,5,0.916985,5946,1090.478941,381,69.874281,53,9.720044,44,8.069471,11,2.017368
297281,0.000294,109872,263203,66110,24068.006407,12194,1479.782535,1107,134.338139,89,10.800447,101,12.256687,17,2.063007,10277,1247.148197,704,85.432746,89,10.800447,81,9.829620,17,2.063007
297282,0.000250,96621,229880,57763,23913.227973,10410,1436.540711,910,125.576565,54,7.451796,83,11.453687,12,1.655955,8841,1220.024632,614,84.729683,78,10.763706,82,11.315691,13,1.793951
297283,0.000267,94768,222625,56493,23844.757724,10170,1430.862738,887,124.795993,74,10.411391,77,10.833474,8,1.125556,8830,1242.332151,578,81.321402,64,9.004446,72,10.130002,12,1.688334
297284,0.000250,98380,227785,57447,23357.186420,10593,1435.657654,1030,139.594769,64,8.673850,79,10.706783,19,2.575049,8933,1210.679677,592,80.233110,70,9.487023,80,10.842312,14,1.897405
297285,0.000200,127208,208436,52877,16626.941702,9637,1010.104186,836,87.625516,70,7.337065,63,6.603358,4,0.419261,8195,858.960652,540,56.600214,64,6.708173,60,6.288913,8,0.838522
297286,0.000222,54003,120672,30606,22669.851675,5435,1341.900759,494,121.968533,25,6.172497,29,7.160096,4,0.987599,4764,1176.230950,337,83.205254,46,11.357394,38,9.382195,8,1.975199
297287,0.000250,96023,212202,53822,22420.461764,9796,1360.229667,848,117.749567,67,9.303327,85,11.802728,10,1.388556,8252,1145.836588,582,80.813972,77,10.691883,59,8.192482,12,1.666267
297288,0.000267,93899,204495,51844,22085.006230,9271,1316.449944,819,116.295168,52,7.383820,81,11.501720,11,1.561962,7929,1125.890585,543,77.104123,69,9.797761,66,9.371772,9,1.277969
297289,0.000267,93859,201332,50576,21554.033177,9244,1313.175437,860,122.169069,60,8.523423,70,9.943994,9,1.278514,7875,1118.699326,560,79.551952,80,11.364565,67,9.517823,11,1.562628
297290,0.000267,92673,195804,50180,21658.951367,9079,1306.241660,835,120.135674,54,7.769253,62,8.920254,5,0.719375,7606,1094.313698,512,73.664030,57,8.200878,68,9.783504,16,2.302001
297291,0.000235,106074,222231,56499,21305.503705,10112,1271.062340,929,116.773825,68,8.547492,68,8.547492,16,2.011175,8767,1101.997976,592,74.413460,64,8.044698,69,8.673190,12,1.508381
297494,0.000286,228287,380048,95696,16767.665263,17095,998.450781,1622,94.734552,110,6.424661,107,6.249443,17,0.992902,14398,840.929765,960,56.069772,122,7.125534,130,7.592782,17,0.992902
297495,0.000312,105503,240422,60571,22964.655034,10465,1322.553229,929,117.405824,61,7.709101,73,9.225646,15,1.895681,8872,1121.231940,675,85.305631,76,9.604782,59,7.456344,10,1.263787
297496,0.000304,148333,336047,84873,22887.152555,14703,1321.620947,1354,121.708139,98,8.809009,113,10.157326,10,0.898878,12407,1115.238461,869,78.112535,115,10.337102,100,8.988784,18,1.617981
297497,0.000312,100818,224249,57061,22639.211252,9948,1315.638081,860,113.736304,69,9.125355,83,10.976876,13,1.719270,8422,1113.822267,550,72.738334,98,12.960649,78,10.315618,11,1.454767
297498,0.000267,100514,220211,55214,21972.660525,9590,1272.127929,795,105.457946,56,7.428484,71,9.418257,11,1.459167,8340,1106.313548,570,75.611358,75,9.948863,65,8.622348,13,1.724470
297499,0.000312,103056,222046,56286,21846.762925,9919,1283.315220,934,120.840449,71,9.185944,68,8.797806,11,1.423174,8277,1070.874088,530,68.571133,74,9.574083,64,8.280288,16,2.070072
297501,0.000294,110968,230081,58029,20917.381587,10014,1203.229760,907,108.980367,75,9.011607,65,7.810059,10,1.201548,8674,1042.222382,628,75.457189,82,9.852690,79,9.492226,13,1.562012
297502,0.000312,108440,225279,56842,20967.170786,9995,1228.943809,862,105.987950,66,8.115087,74,9.098734,11,1.352514,8468,1041.190213,559,68.732325,64,7.869175,56,6.885528,8,0.983647
297503,0.000250,27153,55948,14209,20931.757080,2513,1233.995016,218,107.047717,14,6.874624,25,12.276114,2,0.982089,2036,999.766754,137,67.273107,19,9.329847,14,6.874624,2,0.982089
297557,0.000316,259838,595260,149442,23005.411064,26298,1349.456200,2405,123.410227,166,8.518128,202,10.365433,21,1.077595,22561,1157.695692,1582,81.178786,202,10.365433,194,9.954921,31,1.590735
297562,0.000200,345416,499426,126329,14629.200732,21684,837.019710,1996,77.047193,160,6.176128,154,5.944523,28,1.080822,18816,726.312620,1362,52.574287,183,7.063946,135,5.211108,23,0.887818
297605,0.000182,21232,26606,6739,12695.930671,1142,717.156493,116,72.846019,7,4.395880,6,3.767898,0,0.000000,978,614.167295,68,42.702838,8,5.023863,15,9.419744,3,1.883949
