#runNumber,lumi per LS (/fb),nEvent,HOTP,HOTP_SOI,rate_HOTP_SOI [kHz],MB1_LQ,rate_MB1_LQ [kHz],isolatedMB1_LQ,rate_isolatedMB1_LQ [kHz],isolatedMB1_LQ_withHOTP_SOI,rate_isolatedMB1_LQ_withHOTP_SOI [kHz],unisolatedMB1_LQ,rate_unisolatedMB1_LQ [kHz],unisolatedMB1_LQ_withHOTP_SOI,rate_unisolatedMB1_LQ_withHOTP_SOI [kHz],MB1_HQ,rate_MB1_HQ [kHz],isolatedMB1_HQ,rate_isolatedMB1_HQ [kHz],isolatedMB1_HQ_withHOTP_SOI,rate_isolatedMB1_HQ_withHOTP_SOI [kHz],unisolatedMB1_HQ,rate_unisolatedMB1_HQ [kHz],unisolatedMB1_HQ_withHOTP_SOI,rate_unisolatedMB1_HQ_withHOTP_SOI [kHz]
297047,0.000133,94339,169328,42945,18208.800178,9307,1315.398015,7089,1001.918613,557,78.723186,2218,313.479402,305,43.106951,8059,1139.012851,4087,577.633146,516,72.928481,3972,561.379705,555,78.440518
297048,0.000133,95186,169368,42645,17920.702624,9412,1318.401165,7174,1004.909686,504,70.598617,2238,313.491480,263,36.840152,8115,1136.721787,4089,572.773307,454,63.594786,4026,563.948480,544,76.201682
297049,0.000133,97896,170911,43421,17741.685054,9471,1289.940345,7191,979.406717,551,75.045627,2280,310.533628,303,41.268285,8226,1120.372640,4202,572.308028,529,72.049250,4024,548.064613,585,79.676391
297050,0.000182,72702,124860,31644,17410.250062,6866,1259.204240,5130,940.826937,371,68.040311,1736,318.377303,219,40.163957,5946,1090.478941,3047,558.810853,359,65.839546,2899,531.668088,414,75.926384
297281,0.000294,109872,263203,66110,24068.006407,12194,1479.782535,9327,1131.862531,730,88.587933,2867,347.920004,409,49.633513,10277,1247.148197,5240,635.891462,670,81.306733,5037,611.256735,745,90.408233
297282,0.000250,96621,229880,57763,23913.227973,10410,1436.540711,7885,1088.100240,582,80.313803,2525,348.440470,325,44.848773,8841,1220.024632,4409,608.425360,515,71.068056,4432,611.599273,643,88.731573
297283,0.000267,94768,222625,56493,23844.757724,10170,1430.862738,7645,1075.609207,546,76.819179,2525,355.253531,368,51.775564,8830,1242.332151,4453,626.512466,488,68.658900,4377,615.819686,594,83.572514
297284,0.000250,98380,227785,57447,23357.186420,10593,1435.657654,7972,1080.436403,568,76.980416,2621,355.221251,431,58.412957,8933,1210.679677,4472,606.085248,517,70.068442,4461,604.594430,642,87.009555
297285,0.000200,127208,208436,52877,16626.941702,9637,1010.104186,7372,772.697734,549,57.543551,2265,237.406452,327,34.274574,8195,858.960652,4123,432.153114,545,57.124290,4072,426.807538,580,60.792822
297286,0.000222,54003,120672,30606,22669.851675,5435,1341.900759,4178,1031.547630,305,75.304458,1257,310.353129,183,45.182675,4764,1176.230950,2370,585.152677,282,69.625762,2394,591.078273,334,82.464554
297287,0.000250,96023,212202,53822,22420.461764,9796,1360.229667,7539,1046.832530,576,79.980838,2257,313.397137,292,40.545841,8252,1145.836588,4180,580.416497,508,70.538656,4072,565.420090,546,75.815169
297288,0.000267,93899,204495,51844,22085.006230,9271,1316.449944,7070,1003.915555,559,79.376067,2201,312.534390,325,46.148876,7929,1125.890585,4045,574.376014,526,74.690181,3884,551.514571,603,85.623915
297289,0.000267,93859,201332,50576,21554.033177,9244,1313.175437,7011,995.962028,496,70.460300,2233,317.213409,315,44.747973,7875,1118.699326,4021,571.211427,511,72.591156,3854,547.487899,503,71.454700
297290,0.000267,92673,195804,50180,21658.951367,9079,1306.241660,6916,995.039907,554,79.706783,2163,311.201752,293,42.155392,7606,1094.313698,3882,558.522979,507,72.944655,3724,535.790719,537,77.260907
297291,0.000235,106074,222231,56499,21305.503705,10112,1271.062340,7738,972.654311,575,72.276587,2374,298.408030,348,43.743047,8767,1101.997976,4402,553.324409,566,71.145301,4365,548.673568,590,74.162063
297494,0.000286,228287,380048,95696,16767.665263,17095,998.450781,13164,768.856746,955,55.777742,3931,229.594034,567,33.116209,14398,840.929765,7228,422.158657,869,50.754825,7170,418.771108,1015,59.282102
297495,0.000312,105503,240422,60571,22964.655034,10465,1322.553229,8110,1024.931361,579,73.173275,2355,297.621869,320,40.441188,8872,1121.231940,4598,581.089321,573,72.415002,4274,540.142618,575,72.667760
297496,0.000304,148333,336047,84873,22887.152555,14703,1321.620947,11248,1011.058452,854,76.764217,3455,310.562496,488,43.865267,12407,1115.238461,6200,557.304623,763,68.584424,6207,557.933838,864,77.663096
297497,0.000312,100818,224249,57061,22639.211252,9948,1315.638081,7619,1007.624300,593,78.425149,2329,308.013781,324,42.849491,8422,1113.822267,4311,570.136285,601,79.483161,4111,543.685982,616,81.466934
297498,0.000267,100514,220211,55214,21972.660525,9590,1272.127929,7322,971.274317,578,76.672570,2268,300.853612,323,42.846436,8340,1106.313548,4234,561.646470,517,68.580828,4106,544.667078,593,78.662342
297499,0.000312,103056,222046,56286,21846.762925,9919,1283.315220,7649,989.623764,570,73.746313,2270,293.691456,318,41.142680,8277,1070.874088,4161,538.348083,527,68.182994,4116,532.526005,591,76.463282
297501,0.000294,110968,230081,58029,20917.381587,10014,1203.229760,7768,933.362170,628,75.457189,2246,269.867589,316,37.968904,8674,1042.222382,4416,530.603417,558,67.046356,4258,511.618965,539,64.763415
297502,0.000312,108440,225279,56842,20967.170786,9995,1228.943809,7628,937.907291,556,68.363458,2367,291.036518,323,39.714742,8468,1041.190213,4328,532.152957,543,66.765031,4140,509.037256,609,74.880118
297503,0.000250,27153,55948,14209,20931.757080,2513,1233.995016,1947,956.063787,160,78.567132,566,277.931229,83,40.756700,2036,999.766754,1051,516.087848,145,71.201463,985,483.678906,153,75.129820
297557,0.000316,259838,595260,149442,23005.411064,26298,1349.456200,20148,1033.874953,1481,75.996069,6150,315.581247,840,43.103780,22561,1157.695692,11369,583.389137,1405,72.096204,11192,574.306555,1617,82.974777
297562,0.000200,345416,499426,126329,14629.200732,21684,837.019710,16758,646.872177,1288,49.717828,4926,190.147532,683,26.364345,18816,726.312620,9667,373.153917,1218,47.015772,9149,353.158703,1309,50.528445
297605,0.000182,21232,26606,6739,12695.930671,1142,717.156493,879,551.996986,72,45.214770,263,165.159508,40,25.119317,978,614.167295,493,309.595579,65,40.818890,485,304.571716,60,37.678975
