#runNumber,lumi per LS (/fb),nEvent,HOTP,HOTP_SOI,rate_HOTP_SOI [kHz],MB1_LQ,rate_MB1_LQ [kHz],isolatedMB1_LQ,rate_isolatedMB1_LQ [kHz],isolatedMB1_LQ_withHOTP_SOI,rate_isolatedMB1_LQ_withHOTP_SOI [kHz],unisolatedMB1_LQ,rate_unisolatedMB1_LQ [kHz],unisolatedMB1_LQ_withHOTP_SOI,rate_unisolatedMB1_LQ_withHOTP_SOI [kHz],MB1_HQ,rate_MB1_HQ [kHz],isolatedMB1_HQ,rate_isolatedMB1_HQ [kHz],isolatedMB1_HQ_withHOTP_SOI,rate_isolatedMB1_HQ_withHOTP_SOI [kHz],unisolatedMB1_HQ,rate_unisolatedMB1_HQ [kHz],unisolatedMB1_HQ_withHOTP_SOI,rate_unisolatedMB1_HQ_withHOTP_SOI [kHz]
297047,0.000133,94339,169328,42945,18208.800178,4434,626.676136,4609,651.409633,363,51.304339,1041,147.128971,141,19.928132,8059,1139.012851,2747,388.245229,342,48.336319,2124,300.193981,290,40.986937
297048,0.000133,95186,169368,42645,17920.702624,4411,617.877979,4537,635.527634,309,43.283676,1040,145.679687,127,17.789731,8115,1136.721787,2744,384.370251,318,44.544366,2071,290.098684,286,40.061914
297049,0.000133,97896,170911,43421,17741.685054,4395,598.594427,4588,624.880826,354,48.214432,1073,146.141483,122,16.616273,8226,1120.372640,2854,388.711830,333,45.354253,2005,273.078914,266,36.228923
297050,0.000182,72702,124860,31644,17410.250062,3347,613.829973,3234,593.106104,233,42.731516,880,161.389416,109,19.990280,5946,1090.478941,2032,372.662834,248,45.482472,1489,273.078228,203,37.229604
297281,0.000294,109872,263203,66110,24068.006407,5649,685.524975,5995,727.513228,471,57.157420,1399,169.773312,214,25.969613,10277,1247.148197,3434,416.727343,462,56.065240,2561,310.785884,404,49.026746
297282,0.000250,96621,229880,57763,23913.227973,4784,660.173944,5087,701.986801,356,49.126656,1204,166.147456,152,20.975426,8841,1220.024632,2984,411.780738,357,49.264653,2292,316.287350,324,44.710777
297283,0.000267,94768,222625,56493,23844.757724,4735,666.188305,4899,689.262198,360,50.650008,1232,173.335584,177,24.902921,8830,1242.332151,2940,413.641736,343,48.258202,2223,312.763802,289,40.660701
297284,0.000250,98380,227785,57447,23357.186420,4905,664.769262,5157,698.922545,378,51.229925,1232,166.971607,198,26.834723,8933,1210.679677,2975,403.198482,345,46.757471,2339,317.002101,356,48.248289
297285,0.000200,127208,208436,52877,16626.941702,4444,465.798797,4737,496.509653,359,37.628661,1068,111.942645,158,16.560803,8195,858.960652,2775,290.862210,371,38.886443,2061,216.024149,291,30.501226
297286,0.000222,54003,120672,30606,22669.851675,2503,617.990359,2699,666.382732,202,49.873772,541,133.572826,70,17.282990,4764,1176.230950,1598,394.545982,196,48.392373,1191,294.057738,170,41.972977
297287,0.000250,96023,212202,53822,22420.461764,4581,636.097602,4867,675.810309,377,52.348569,1104,153.296606,147,20.411776,8252,1145.836588,2802,389.073451,351,48.738323,2061,286.181436,282,39.157285
297288,0.000267,93899,204495,51844,22085.006230,4249,603.343309,4524,642.392358,360,51.118755,1068,151.652307,162,23.003440,7929,1125.890585,2746,389.922505,350,49.698790,2010,285.413050,295,41.888980
297289,0.000267,93859,201332,50576,21554.033177,4308,611.981802,4511,640.819385,325,46.168544,1046,148.591682,139,19.745931,7875,1118.699326,2692,382.417598,341,48.441457,2025,287.665541,260,36.934835
297290,0.000267,92673,195804,50180,21658.951367,4248,611.181250,4422,636.215510,341,49.061395,1046,150.493312,121,17.408882,7606,1094.313698,2570,369.758901,324,46.615519,1898,273.074862,276,39.709516
297291,0.000235,106074,222231,56499,21305.503705,4693,589.902647,4968,624.469710,358,45.000031,1085,136.382777,149,18.729063,8767,1101.997976,2928,368.044950,373,46.885508,2273,285.712490,293,36.829635
297494,0.000286,228287,380048,95696,16767.665263,7951,464.386204,8429,492.304278,592,34.576359,1868,109.102431,268,15.652811,14398,840.929765,4835,282.393070,606,35.394043,3686,215.284561,528,30.838375
297495,0.000312,105503,240422,60571,22964.655034,4913,620.898616,5210,658.433094,337,42.589626,1127,142.428809,169,21.358002,8872,1121.231940,3097,391.394873,397,50.172349,2159,272.851641,272,34.375010
297496,0.000304,148333,336047,84873,22887.152555,6902,620.405889,7217,648.720559,521,46.831566,1630,146.517183,246,22.112409,12407,1115.238461,4187,376.360396,522,46.921454,3164,284.405133,427,38.382109
297497,0.000312,100818,224249,57061,22639.211252,4580,605.711943,4910,649.354943,369,48.800809,1143,151.163483,149,19.705476,8422,1113.822267,2852,377.181323,405,53.561864,2112,279.315202,326,43.113994
297498,0.000267,100514,220211,55214,21972.660525,4552,603.829649,4676,620.278436,383,50.805526,1068,141.671807,144,19.101817,8340,1106.313548,2848,377.791485,359,47.621890,2085,276.578387,292,38.734239
297499,0.000312,103056,222046,56286,21846.762925,4686,606.272318,4891,632.795115,359,46.447239,1095,141.670548,161,20.830099,8277,1070.874088,2793,361.356932,355,45.929721,2135,276.225224,311,40.237023
297501,0.000294,110968,230081,58029,20917.381587,4701,564.847524,4938,593.324202,415,49.864225,1050,126.162497,127,15.259654,8674,1042.222382,3017,362.506909,402,48.302213,2224,267.224185,283,34.003797
297502,0.000312,108440,225279,56842,20967.170786,4706,578.630272,4798,589.942211,351,43.157506,1148,141.153326,149,18.320423,8468,1041.190213,2841,349.317595,354,43.526374,2177,267.674905,312,38.362228
297503,0.000250,27153,55948,14209,20931.757080,1145,562.246038,1226,602.020648,96,47.140279,290,142.402927,35,17.186560,2036,999.766754,709,348.150603,101,49.595502,505,247.977510,85,41.738789
297557,0.000316,259838,595260,149442,23005.411064,12291,630.700667,12879,660.873313,953,48.902265,2957,151.735569,396,20.320353,22561,1157.695692,7640,392.039142,963,49.415405,5734,294.234613,804,41.256475
297562,0.000200,345416,499426,126329,14629.200732,10124,390.794482,10866,419.436274,812,31.343848,2315,89.360848,329,12.699663,18816,726.312620,6487,250.403378,819,31.614054,4574,176.560051,644,24.858914
297605,0.000182,21232,26606,6739,12695.930671,531,333.458930,563,353.554383,40,25.119317,121,75.985933,16,10.047727,978,614.167295,331,207.862346,47,29.515197,260,163.275559,46,28.887214
