#Data tag : v1 , Norm tag: None
#run:fill,time,nls,ncms,delivered(/fb),recorded(/fb)
297047:5839,06/16/17 20:21:12,15,15,0.002,0.002
297048:5839,06/16/17 20:31:19,15,15,0.002,0.002
297049:5839,06/16/17 20:41:23,15,15,0.002,0.002
297050:5839,06/16/17 20:51:29,11,11,0.002,0.002
297281:5856,06/22/17 00:39:18,17,17,0.005,0.005
297282:5856,06/22/17 00:50:17,16,16,0.005,0.004
297283:5856,06/22/17 01:00:52,15,15,0.005,0.004
297284:5856,06/22/17 01:11:05,16,16,0.005,0.004
297285:5856,06/22/17 01:21:30,20,20,0.004,0.004
297286:5856,06/22/17 01:42:10,9,9,0.003,0.002
297287:5856,06/22/17 01:49:45,16,16,0.005,0.004
297288:5856,06/22/17 02:00:08,15,15,0.004,0.004
297289:5856,06/22/17 02:11:32,15,15,0.004,0.004
297290:5856,06/22/17 02:21:32,15,15,0.004,0.004
297291:5856,06/22/17 02:31:39,17,17,0.005,0.004
297494:5873,06/26/17 00:16:40,21,21,0.006,0.006
297495:5873,06/26/17 00:30:59,16,16,0.005,0.005
297496:5873,06/26/17 00:41:30,23,23,0.007,0.007
297497:5873,06/26/17 00:54:54,16,16,0.005,0.005
297498:5873,06/26/17 01:05:27,15,15,0.005,0.004
297499:5873,06/26/17 01:16:02,16,16,0.005,0.005
297500:5873,06/26/17 01:27:55,1,1,0.000,0.000
297501:5873,06/26/17 01:37:16,17,17,0.005,0.005
297502:5873,06/26/17 01:48:00,16,16,0.005,0.005
297503:5873,06/26/17 02:00:54,4,4,0.001,0.001
297557:5876,06/26/17 23:28:45,38,38,0.013,0.012
297562:5876,06/27/17 06:25:38,50,50,0.011,0.010
297605:5878,06/28/17 00:49:22,33,33,0.006,0.006
297620:5880,06/28/17 10:11:19,283,283,0.086,0.082
297656:5882,06/28/17 17:29:24,392,392,0.124,0.116
297657:5882,06/28/17 20:47:46,20,20,0.006,0.000
297658:5882,06/28/17 21:02:07,19,19,0.005,0.000
297660:5882,06/28/17 21:38:11,213,213,0.046,0.045
297661:5882,06/28/17 23:14:15,117,117,0.022,0.022
297662:5882,06/29/17 00:06:24,16,16,0.004,0.004
297663:5882,06/29/17 00:17:03,16,16,0.004,0.004
297664:5882,06/29/17 00:28:08,19,19,0.004,0.004
297670:5883,06/29/17 06:20:21,16,16,0.005,0.005
297672:5883,06/29/17 06:55:10,14,14,0.004,0.004
297673:5883,06/29/17 07:04:45,15,15,0.005,0.004
297674:5883,06/29/17 07:15:13,2,2,0.001,0.001
297723:5887,06/29/17 23:07:27,37,37,0.011,0.011
298653:5919,07/09/17 18:55:02,23,23,0.000,0.000
298853:5934,07/12/17 05:49:00,8,8,0.000,0.000
298854:5934,07/12/17 06:49:07,65,65,0.000,0.000
298855:5934,07/12/17 07:18:01,97,97,0.000,0.000
#Summary:
#nfill,nrun,nls,ncms,totdelivered(/fb),totrecorded(/fb)
#11,46,1865,1865,0.460,0.422
#Check JSON:
#(run,ls) in json but not in results: [(297039, 27), (297039, 28), (297039, 29), (297039, 30), (297039, 31), (297039, 32), (297039, 33), (297039, 34), (297039, 35), (297039, 36), (297039, 37), (297039, 38), (297039, 39), (297039, 40), (297039, 41), (297039, 42), (297341, 96), (297341, 97), (297341, 98), (297341, 99), (297341, 101), (297341, 103), (297341, 104), (297494, 17), (297494, 18), (297494, 19), (297494, 20), (297494, 21), (297494, 22), (297494, 23), (297494, 24), (297494, 25), (297494, 26), (297494, 27), (297494, 28), (297494, 29), (297494, 30), (297618, 15), (297618, 16), (297618, 17), (297618, 18), (297618, 19), (297618, 20), (297618, 21), (297618, 22), (297618, 29), (297618, 30), (297618, 31), (297618, 32), (297618, 33), (297618, 34), (297620, 24), (297620, 25), (298592, 3), (298592, 4), (298592, 5), (298592, 6), (298592, 7), (298592, 8), (298592, 9), (298592, 10), (298593, 2), (298593, 3), (298593, 4), (298593, 5), (298593, 6), (298593, 7), (298593, 8), (298593, 9), (298593, 10), (298593, 11), (298593, 12), (298593, 13), (298593, 14), (298593, 15), (298593, 16), (298593, 17), (298593, 18), (298593, 19), (298593, 20), (298593, 21), (298593, 22), (298593, 23), (298593, 24), (298593, 25), (298593, 26), (298593, 27), (298593, 28), (298593, 29), (298593, 30), (298593, 31), (298593, 32), (298593, 33), (298593, 34), (298593, 35), (298593, 36), (298593, 37), (298593, 38), (298593, 39), (298593, 40), (298593, 41), (298593, 42), (298593, 43), (298593, 44), (298593, 45), (298593, 46), (298593, 47), (298593, 48), (298593, 49), (298593, 50), (298593, 51), (298593, 52), (298593, 53), (298593, 54), (298593, 55), (298593, 56), (298593, 57), (298593, 58), (298593, 59), (298593, 60), (298593, 61), (298593, 62), (298593, 63), (298593, 64), (298593, 65), (298593, 66), (298593, 67), (298593, 68), (298593, 69), (298593, 70), (298593, 71), (298593, 72), (298593, 73), (298593, 74), (298593, 75), (298593, 76), (298593, 77), (298593, 78), (298593, 79), (298593, 80), (298593, 81), (298593, 82), (298593, 83), (298593, 84), (298593, 85), (298593, 86), (298593, 87), (298593, 88), (298593, 89), (298593, 90), (298593, 91), (298593, 92), (298593, 93), (298593, 94), (298593, 95), (298593, 96), (298593, 97), (298593, 98), (298593, 99), (298593, 100), (298593, 101), (298593, 102), (298593, 103), (298593, 104), (298593, 105), (298593, 106), (298593, 107), (298593, 108), (298593, 109), (298593, 110), (298593, 111), (298593, 112), (298593, 113), (298593, 114), (298593, 115), (298593, 116), (298593, 117), (298593, 118), (298593, 119), (298593, 120), (298593, 121), (298593, 122), (298593, 123), (298593, 124), (298593, 125), (298593, 126), (298593, 127), (298593, 128), (298593, 129), (298593, 130), (298593, 131), (298593, 132), (298593, 133), (298593, 134), (298593, 135), (298593, 136), (298593, 137), (298593, 138), (298593, 139), (298593, 140), (298593, 141), (298593, 142), (298593, 143), (298593, 144), (298593, 145), (298593, 146), (298593, 147), (298593, 148), (298593, 149), (298593, 150), (298593, 151), (298593, 152), (298593, 153), (298593, 154), (298593, 155), (298593, 156), (298593, 157), (298593, 158), (298593, 159), (298593, 160), (298593, 161), (298593, 162), (298593, 163), (298593, 164), (298593, 165), (298593, 166), (298593, 167), (298593, 168), (298593, 169), (298593, 170), (298593, 171), (298593, 172), (298593, 173), (298593, 174), (298593, 175), (298593, 176), (298593, 177), (298593, 178), (298593, 179), (298593, 180), (298593, 181), (298593, 182), (298593, 183), (298593, 184), (298593, 185), (298593, 186), (298593, 187), (298593, 188), (298593, 189), (298593, 190), (298593, 191), (298593, 192), (298593, 193), (298593, 194), (298593, 195), (298593, 196), (298593, 197), (298593, 198), (298593, 199), (298593, 200), (298593, 201), (298593, 202), (298593, 203), (298593, 204), (298593, 205), (298593, 206), (298593, 207), (298593, 208), (298593, 209), (298593, 210), (298593, 211), (298593, 212), (298593, 213), (298593, 214), (298593, 215), (298593, 216), (298593, 217), (298593, 218), (298593, 219), (298593, 220), (298593, 221), (298593, 222), (298593, 223), (298593, 224), (298593, 225), (298593, 226), (298593, 227), (298593, 228), (298593, 229), (298593, 230), (298593, 231), (298593, 232), (298593, 233), (298593, 234), (298593, 235), (298593, 236), (298593, 237), (298593, 238), (298593, 239), (298593, 240), (298593, 241), (298593, 242), (298593, 243), (298593, 244), (298593, 245), (298593, 246), (298593, 247), (298593, 248), (298593, 249), (298593, 250), (298593, 251), (298593, 252), (298593, 253), (298593, 254), (298593, 255), (298593, 256), (298593, 257), (298593, 258), (298593, 259), (298593, 260), (298593, 261), (298593, 262), (298593, 263), (298593, 264), (298593, 265), (298593, 266), (298593, 267), (298593, 268), (298593, 269), (298593, 270), (298593, 271), (298593, 272), (298593, 273), (298593, 274), (298593, 275), (298593, 276), (298593, 277), (298593, 278), (298593, 279), (298593, 280), (298593, 281), (298593, 282), (298593, 283), (298593, 284), (298593, 285), (298593, 286), (298593, 287), (298593, 288), (298593, 289), (298593, 290), (298593, 291), (298593, 292), (298593, 293), (298593, 294), (298593, 295), (298593, 296), (298593, 297), (298593, 298), (298593, 299), (298593, 300), (298593, 301), (298593, 302), (298593, 303), (298593, 304), (298593, 305), (298593, 306), (298593, 307), (298593, 308), (298593, 309), (298593, 310), (298593, 311), (298593, 312), (298593, 313), (298593, 314), (298593, 315), (298593, 316), (298593, 317), (298593, 318), (298593, 319), (298593, 320), (298593, 321), (298593, 322), (298593, 323), (298593, 324), (298593, 325), (298593, 326), (298593, 327), (298593, 328), (298593, 329), (298593, 330), (298593, 331), (298593, 332), (298593, 333), (298593, 334), (298593, 335), (298593, 336), (298593, 337), (298593, 338), (298593, 339), (298593, 340), (298593, 341), (298593, 342), (298593, 343), (298593, 344), (298593, 345), (298593, 346), (298593, 347), (298593, 348), (298593, 349), (298593, 350), (298593, 351), (298593, 352), (298593, 353), (298593, 354), (298593, 355), (298593, 356), (298593, 357), (298593, 358), (298593, 359), (298593, 360), (298593, 361), (298593, 362), (298593, 363), (298593, 364), (298593, 365), (298593, 366), (298593, 367), (298593, 368), (298593, 369), (298593, 370), (298593, 371), (298593, 372), (298593, 373), (298593, 374), (298593, 375), (298594, 3), (298594, 4), (298594, 5), (298594, 6), (298594, 7), (298594, 8), (298594, 9), (298594, 10), (298594, 11), (298594, 12), (298594, 13), (298594, 14), (298594, 15), (298594, 16), (298594, 17), (298594, 18), (298594, 19), (298594, 20), (298594, 21), (298594, 22), (298594, 23), (298594, 24), (298594, 25), (298594, 26), (298594, 27), (298594, 28), (298594, 29), (298594, 30), (298594, 31), (298594, 32), (298594, 33), (298594, 34), (298594, 35), (298594, 36), (298594, 37), (298594, 38), (298594, 39), (298594, 40), (298594, 41), (298594, 42), (298594, 43), (298594, 44), (298594, 45), (298594, 46), (298594, 47), (298594, 48), (298594, 49), (298594, 50), (298594, 51), (298594, 52), (298594, 53), (298594, 54), (298594, 55), (298594, 56), (298594, 57), (298594, 58), (298594, 59), (298594, 60), (298594, 61), (298594, 62), (298594, 63), (298594, 64), (298594, 65), (298594, 66), (298594, 67), (298594, 68), (298594, 69), (298594, 70), (298594, 71), (298594, 72), (298594, 73), (298594, 74), (298594, 75), (298594, 76), (298594, 77), (298594, 78), (298594, 79), (298594, 80), (298594, 81), (298594, 82), (298594, 83), (298594, 84), (298594, 85), (298594, 86), (298594, 87), (298594, 88), (298594, 89), (298594, 90), (298594, 91), (298594, 92), (298594, 93), (298594, 94), (298594, 95), (298594, 96), (298594, 97), (298594, 98), (298594, 99), (298594, 100), (298594, 101), (298594, 102), (298594, 103), (298594, 104), (298594, 105), (298594, 106), (298594, 107), (298594, 108), (298594, 109), (298594, 110), (298594, 111), (298594, 112), (298594, 113), (298594, 114), (298594, 115), (298594, 116), (298594, 117), (298594, 118), (298594, 119), (298594, 120), (298594, 121), (298594, 122), (298594, 123), (298594, 124), (298594, 125), (298594, 126), (298594, 127), (298594, 128), (298594, 129), (298594, 130), (298594, 131), (298594, 132), (298594, 133), (298594, 134), (298594, 135), (298594, 136), (298594, 137), (298594, 138), (298594, 139), (298594, 140), (298594, 141), (298594, 142), (298594, 143), (298594, 144), (298594, 145), (298594, 146), (298594, 147), (298594, 148), (298594, 149), (298594, 150), (298594, 151), (298594, 152), (298594, 153), (298594, 154), (298594, 155), (298594, 156), (298594, 157), (298594, 158), (298594, 159), (298594, 160), (298594, 161), (298594, 162), (298594, 163), (298594, 164), (298594, 165), (298594, 166), (298594, 167), (298594, 168), (298594, 169), (298594, 170), (298594, 171), (298594, 172), (298594, 173), (298594, 174), (298594, 175), (298594, 176), (298594, 177), (298594, 178), (298594, 179), (298594, 180), (298594, 181), (298594, 182), (298594, 183), (298594, 184), (298594, 185), (298594, 186), (298594, 187), (298594, 188), (298594, 189), (298594, 190), (298594, 191), (298594, 192), (298594, 193), (298594, 194), (298594, 195), (298594, 196), (298594, 197), (298594, 198), (298594, 199), (298594, 200), (298594, 201), (298594, 202), (298594, 203), (298594, 204), (298594, 205), (298594, 206), (298594, 207), (298594, 208), (298594, 209), (298594, 210), (298594, 211), (298594, 212), (298594, 213), (298594, 214), (298594, 215), (298594, 216), (298594, 217), (298594, 218), (298594, 219), (298594, 220), (298594, 221), (298594, 222), (298594, 223), (298594, 224), (298594, 225), (298594, 226), (298594, 227), (298594, 228), (298594, 229), (298594, 230), (298594, 231), (298594, 232), (298594, 233), (298594, 234), (298594, 235), (298594, 236), (298594, 237), (298594, 238), (298594, 239), (298594, 240), (298594, 241), (298594, 242), (298594, 243), (298594, 244), (298596, 1), (298596, 2), (298596, 3), (298596, 4), (298596, 5), (298596, 6), (298596, 7), (298596, 8), (298596, 9), (298596, 10), (298596, 11), (298596, 12), (298596, 13), (298596, 14), (298596, 15), (298596, 16), (298596, 17), (298596, 18), (298596, 19), (298596, 20), (298596, 21), (298596, 22), (298596, 23), (298596, 24), (298596, 25), (298596, 26), (298596, 27), (298596, 28), (298596, 29), (298596, 30), (298596, 31), (298596, 32), (298596, 33), (298596, 34), (298596, 35), (298596, 36), (298596, 37), (298596, 38), (298596, 39), (298596, 40), (298596, 41), (298596, 42), (298596, 43), (298596, 44), (298596, 45), (298596, 46), (298596, 47), (298596, 48), (298596, 49), (298596, 50), (298596, 51), (298596, 52), (298596, 53), (298596, 54), (298596, 55), (298596, 56), (298596, 57), (298596, 58), (298596, 59), (298596, 60), (298596, 61), (298596, 62), (298596, 63), (298596, 64), (298596, 65), (298596, 66), (298596, 67), (298596, 68), (298596, 69), (298596, 70), (298596, 71), (298596, 72), (298596, 73), (298596, 74), (298596, 75), (298596, 76), (298596, 77), (298596, 78), (298596, 79), (298596, 80), (298596, 81), (298596, 82), (298596, 83), (298596, 84), (298596, 85), (298596, 86), (298596, 87), (298596, 88), (298596, 89), (298596, 90), (298596, 91), (298596, 92), (298596, 93), (298596, 94), (298596, 95), (298596, 96), (298596, 97), (298596, 98), (298596, 99), (298596, 100), (298596, 101), (298596, 102), (298596, 103), (298596, 104), (298596, 105), (298596, 106), (298596, 107), (298596, 108), (298596, 109), (298596, 110), (298596, 111), (298596, 112), (298596, 113), (298596, 114), (298596, 115), (298596, 116), (298596, 117), (298596, 118), (298596, 119), (298596, 120), (298596, 121), (298596, 122), (298597, 1), (298597, 2), (298597, 3), (298597, 4), (298597, 5), (298597, 6), (298597, 7), (298597, 8), (298597, 9), (298597, 10), (298597, 11), (298597, 12), (298597, 13), (298597, 14), (298597, 15), (298597, 16), (298597, 17), (298597, 18), (298597, 19), (298597, 20), (298597, 21), (298597, 22), (298597, 23), (298597, 24), (298597, 25), (298597, 26), (298597, 27), (298597, 28), (298597, 29), (298597, 30), (298597, 31), (298597, 32), (298597, 33), (298597, 34), (298597, 35), (298597, 36), (298597, 37), (298597, 38), (298597, 39), (298597, 40), (298597, 41), (298597, 42), (298597, 43), (298597, 44), (298597, 45), (298597, 46), (298597, 47), (298597, 48), (298597, 49), (298597, 50), (298597, 51), (298597, 52), (298597, 53), (298597, 54), (298597, 55), (298597, 56), (298597, 57), (298597, 58), (298597, 59), (298597, 60), (298597, 61), (298597, 62), (298597, 63), (298597, 64), (298597, 65), (298597, 66), (298597, 67), (298597, 68), (298597, 69), (298597, 70), (298597, 71), (298597, 72), (298597, 73), (298597, 74), (298597, 75), (298597, 76), (298597, 77), (298597, 78), (298597, 79), (298597, 80), (298597, 81), (298597, 82), (298597, 83), (298597, 84), (298597, 85), (298597, 86), (298597, 87), (298597, 88), (298597, 89), (298597, 90), (298597, 91), (298597, 92), (298597, 93), (298597, 94), (298597, 95), (298597, 96), (298597, 97), (298597, 98), (298597, 99), (298597, 100), (298597, 101), (298597, 102), (298597, 103), (298597, 104), (298597, 105), (298597, 106), (298597, 107), (298597, 108), (298597, 109), (298597, 110), (298597, 111), (298597, 112), (298597, 113), (298597, 114), (298597, 115), (298597, 116), (298597, 117), (298597, 118), (298597, 119), (298597, 120), (298597, 121), (298597, 122), (298597, 123), (298597, 124), (298597, 125), (298597, 126), (298597, 127), (298597, 128), (298597, 129), (298597, 130), (298597, 131), (298597, 132), (298597, 133), (298597, 134), (298597, 135), (298597, 136), (298597, 137), (298597, 138), (298597, 139), (298597, 140), (298597, 141), (298597, 142), (298597, 143), (298597, 144), (298597, 145), (298597, 146), (298597, 147), (298597, 148), (298597, 149), (298597, 150), (298597, 151), (298597, 152), (298597, 153), (298597, 154), (298597, 155), (298597, 156), (298597, 157), (298597, 158), (298597, 159), (298597, 160), (298597, 161), (298597, 162), (298597, 163), (298597, 164), (298597, 165), (298597, 166), (298597, 167), (298597, 168), (298597, 169), (298597, 170), (298597, 171), (298597, 172), (298597, 173), (298597, 174), (298597, 175), (298597, 176), (298597, 177), (298597, 178), (298597, 179), (298597, 180), (298597, 181), (298597, 182), (298597, 183), (298597, 184), (298597, 185), (298597, 186), (298597, 187), (298597, 188), (298597, 189), (298597, 190), (298597, 191), (298597, 192), (298597, 193), (298597, 194), (298597, 195), (298597, 196), (298597, 197), (298597, 198), (298597, 199), (298597, 200), (298597, 201), (298597, 202), (298597, 203), (298597, 204), (298597, 205), (298597, 206), (298597, 207), (298597, 208), (298597, 209), (298597, 210), (298597, 211), (298597, 212), (298597, 213), (298597, 214), (298597, 215), (298597, 216), (298597, 217), (298597, 218), (298597, 219), (298597, 220), (298597, 221), (298597, 222), (298597, 223), (298597, 224), (298597, 225), (298597, 226), (298597, 227), (298597, 228), (298597, 229), (298597, 230), (298597, 231), (298597, 232), (298597, 233), (298597, 234), (298597, 235), (298597, 236), (298597, 237), (298597, 238), (298597, 239), (298597, 240), (298597, 241), (298597, 242), (298597, 243), (298597, 244), (298597, 245), (298597, 246), (298597, 247), (298597, 248), (298597, 249), (298597, 250), (298597, 251), (298597, 252), (298597, 253), (298597, 254), (298597, 255), (298597, 256), (298597, 257), (298597, 258), (298597, 259), (298597, 260), (298597, 261), (298597, 262), (298597, 263), (298597, 264), (298597, 265), (298597, 266), (298597, 267), (298597, 268), (298597, 269), (298597, 270), (298597, 271), (298597, 272), (298597, 273), (298597, 274), (298597, 275), (298597, 276), (298597, 277), (298597, 278), (298597, 279), (298597, 280), (298597, 281), (298597, 282), (298597, 283), (298597, 284), (298597, 285), (298597, 286), (298597, 287), (298597, 288), (298597, 289), (298597, 290), (298597, 291), (298597, 292), (298597, 293), (298597, 294), (298597, 295), (298597, 296), (298597, 297), (298597, 298), (298597, 299), (298597, 300), (298597, 301), (298597, 302), (298597, 303), (298597, 304), (298597, 305), (298597, 306), (298597, 307), (298597, 308), (298597, 309), (298597, 310), (298597, 311), (298597, 312), (298597, 313), (298597, 314), (298597, 315), (298597, 316), (298597, 317), (298597, 318), (298597, 319), (298597, 320), (298597, 321), (298597, 322), (298597, 323), (298597, 324), (298597, 325), (298597, 326), (298597, 327), (298597, 328), (298597, 329), (298597, 330), (298597, 331), (298597, 332), (298597, 333), (298597, 334), (298597, 335), (298597, 336), (298597, 337), (298597, 338), (298597, 339), (298597, 340), (298597, 341), (298597, 342), (298597, 343), (298597, 344), (298597, 345), (298597, 346), (298597, 347), (298597, 348), (298597, 349), (298597, 350), (298597, 351), (298597, 352), (298597, 353), (298597, 354), (298597, 355), (298597, 356), (298597, 357), (298597, 358), (298597, 359), (298597, 360), (298597, 361), (298597, 362), (298597, 363), (298597, 364), (298597, 365), (298597, 366), (298597, 367), (298597, 368), (298597, 369), (298597, 370), (298597, 371), (298597, 372), (298597, 373), (298597, 374), (298597, 375), (298597, 376), (298597, 377), (298597, 378), (298597, 379), (298597, 380), (298597, 381), (298597, 382), (298597, 383), (298597, 384), (298597, 385), (298597, 386), (298597, 387), (298597, 388), (298597, 389), (298597, 390), (298597, 391), (298597, 392), (298597, 393), (298597, 394), (298597, 395), (298597, 396), (298597, 397), (298597, 398), (298597, 399), (298597, 400), (298597, 401), (298597, 402), (298597, 403), (298597, 404), (298597, 405), (298597, 406), (298597, 407), (298597, 408), (298644, 72), (298644, 73), (298644, 74), (298644, 75), (298644, 76), (298644, 77), (298644, 78), (298644, 79), (298644, 80), (298644, 81), (298644, 82), (298644, 83), (298644, 84), (298644, 85), (298644, 86), (298644, 87), (298644, 88), (298644, 89), (298644, 90), (298644, 91), (298644, 92), (298644, 93), (298644, 94), (298644, 95), (298644, 96), (298644, 97), (298644, 98), (298644, 99), (298644, 100), (298644, 101), (298644, 102), (298644, 103), (298644, 104), (298644, 105), (298644, 106), (298644, 107), (298644, 108), (298644, 109), (298644, 110), (298644, 111), (298644, 112), (298644, 113), (298644, 114), (298644, 115), (298644, 116), (298644, 117), (298644, 118), (298644, 119), (298644, 120), (298644, 121), (298644, 122), (298644, 123), (298644, 124), (298644, 125), (298644, 126), (298644, 127), (298644, 128), (298644, 129), (298644, 130), (298644, 131), (298644, 132), (298644, 133), (298644, 134), (298644, 135), (298644, 136), (298644, 137), (298644, 138), (298644, 139), (298644, 140), (298644, 141), (298644, 142), (298644, 143), (298644, 144), (298644, 145), (298644, 146), (298644, 147), (298644, 148), (298644, 149), (298644, 150), (298644, 151), (298644, 152), (298644, 153), (298644, 154), (298644, 155), (298644, 156), (298644, 157), (298644, 158), (298644, 159), (298644, 160), (298644, 161), (298644, 162), (298644, 163), (298644, 164), (298644, 165), (298644, 166), (298644, 167), (298644, 168), (298644, 169), (298644, 170), (298644, 171), (298644, 172), (298644, 173), (298644, 174), (298644, 175), (298644, 176), (298644, 177), (298644, 178), (298644, 179), (298644, 180), (298644, 181), (298644, 182), (298644, 183), (298644, 184), (298644, 185), (298644, 186), (298644, 187), (298644, 188), (298653, 19), (298653, 20), (298653, 21), (298653, 22), (298653, 23), (298653, 24), (298653, 25), (298653, 26), (298653, 27), (298653, 28), (298653, 29), (298653, 30), (298653, 31), (298653, 32), (298653, 33), (298653, 34), (298653, 35), (298653, 36), (298653, 37), (298653, 38), (298653, 39), (298653, 40), (298653, 41), (298653, 42), (298653, 43), (298653, 44), (298653, 45), (298653, 46), (298653, 47), (298653, 48), (298653, 49), (298653, 50), (298653, 51), (298653, 52), (298653, 53), (298653, 54), (298653, 55), (298653, 56), (298653, 57), (298653, 58), (298653, 59), (298653, 60), (298653, 61), (298653, 62), (298653, 63), (298653, 64), (298850, 28), (298850, 29), (298850, 30), (298850, 31), (298850, 32), (298850, 33), (298850, 34), (298850, 35), (298850, 36), (298850, 37), (298850, 38), (298850, 39), (298850, 40), (298850, 41), (298850, 42), (298850, 43), (298850, 44), (298850, 45), (298850, 46), (298850, 47), (298850, 48), (298850, 49), (298850, 50), (298850, 51), (298850, 52), (298850, 53), (298850, 54), (298850, 55), (298850, 56), (298850, 57), (298850, 58), (298850, 59), (298850, 60), (298850, 61), (298850, 62), (298850, 63), (298850, 64), (298850, 65), (298850, 66), (298850, 67), (298850, 68), (298850, 69), (298850, 70), (298850, 71), (298850, 72), (298850, 73), (298850, 74), (298850, 75), (298850, 76), (298850, 77), (298850, 78), (298850, 79), (298850, 80), (298850, 81), (298850, 82), (298850, 83), (298850, 84), (298850, 85), (298850, 86), (298850, 87), (298850, 88), (298850, 89), (298850, 90), (298850, 91), (298850, 92), (298850, 93), (298850, 94), (298850, 95), (298850, 96), (298850, 97), (298850, 98), (298850, 99), (298850, 100), (298850, 101), (298850, 102), (298850, 103), (298850, 104), (298850, 105), (298850, 106), (298850, 107), (298850, 108), (298850, 109), (298850, 110), (298850, 111), (298850, 112), (298850, 113), (298850, 114), (298850, 115), (298850, 116), (298850, 117), (298850, 118), (298850, 119), (298850, 120), (298850, 121), (298850, 122), (298850, 123), (298850, 124), (298850, 125), (298850, 126), (298850, 127), (298850, 128), (298850, 129), (298850, 130), (298850, 131), (298850, 132), (298850, 133), (298850, 134), (298850, 135), (298850, 136), (298850, 137), (298850, 138), (298850, 139), (298850, 140), (298850, 141), (298850, 142), (298850, 143), (298850, 144), (298850, 145), (298850, 146), (298850, 147), (298850, 148), (298850, 149), (298850, 150), (298850, 151), (298850, 152), (298850, 153), (298850, 154), (298850, 155), (298850, 156), (298850, 157), (298850, 158), (298855, 98), (298855, 99), (298855, 100), (298855, 101), (298855, 102), (298855, 105)]
